pos
11.377460474841042
16.366755066925972
22.09966030175723
29.175176800949586
31.13177057421169
39.51618789325502
42.72478787221484
51.22530664102953
48.781485507992905
62.019390009282844
64.63684431800326
67.94298776686533
67.73303848146138
78.3129484077515
82.47977331974215
83.26766092506342
92.44332047454701
92.2708575492995
99.89852717007923
104.68052474307768
99.02437651167998
104.69327547537416
113.59214808051046
113.98229545845622
124.09177258768271
122.41117009512921
126.005817568587
134.67966632766849
136.13924857693098
133.99310861241102
136.19125526644072
139.53917367334964
148.3723293754605
153.2842481555724
156.54447809134692
155.75548467759103
165.42760391882072
168.5154860078898
169.28823285024467
171.35009545123356
176.7541308245623
176.59833280887443
179.12483076132293
181.9139722231327
184.4657538168679
185.1756091617294
186.5381834688455
197.08380090422114
194.34951358638273
201.00355655510216
197.1359986473484
203.45130511246816
210.4468644125151
211.95033187702057
206.5709276534297
216.13728281088186
211.10287121754487
214.37355587704596
222.9093166373614
218.00888044153416
229.5573410709736
224.65299250682514
232.8846389868696
230.34520626304004
233.38377207543473
231.63365218347943
240.81725481569086
237.42296488310393
244.92853822305693
242.01968796053387
241.25689912655176
251.3469706348379
253.22905876777395
250.6269494290853
254.493739962937
256.62362902532885
260.2354715247781
259.90603583390833
254.0150871736745
256.54370592298073
264.97917601907244
266.2036841159636
263.2386459844636
270.812033781374
269.18144156760115
269.97310703393464
268.29396538355087
271.22327565395324
276.7151224169157
274.9032440174167
272.16393041973595
278.6776483079539
280.8173827855242
278.01215463893845
276.82739834804374
277.24083679488126
286.41296483340614
279.76773411249434
286.63670426784853
281.81434236026513
286.57469381455587
290.54695070251
286.56752690164086
291.9623642004439
292.7606868477231
287.20244650874247
290.75529542585423
290.4857044182621
288.6132645093693
288.7098012604757
292.02831541205603
290.60148984144655
288.5499902908994
298.77877308269404
291.4901566168442
295.7846328708954
293.5372222391631
299.1548247804276
299.03742065790135
292.0279852882274
293.30982561903517
299.69287630085915
299.7527591354127
297.10620479376286
297.0880679601704
298.76185365153424
295.4179370301114
293.0531541054689
297.85142780926657
301.6733595649778
298.2731419732072
299.3747004397004
294.9203499743014
299.82963362457366
294.08295650146096
301.6697124410109
298.7358878960329
302.3581835448047
298.9625063694747
298.0329243888318
292.8513862852692
300.0634421694029
295.67896057046926
293.6741064835419
296.9261200492821
294.85358683951165
291.2057152033486
297.1731613378503
292.9774976894967
295.91745440027717
291.61854782754835
295.640206905305
292.5240668432247
292.9103661563973
295.972056337665
294.33603936976925
295.499498896953
293.0842461824209
285.18997578617694
288.64319958120444
292.3917320114281
286.6703058400798
283.28850679937716
283.585888500807
289.52866931860615
283.57109636151955
288.3667724960078
286.4693775891643
279.149267459623
283.64753161637753
284.59018656554815
275.9227641531604
283.91848125258934
279.15456728430655
281.87296550912254
273.24058256857916
279.51971264872896
274.87331897502565
276.87804090035024
269.96617755143694
272.31627041033386
269.7604151880091
270.38374537668375
266.1596205050456
270.61459210036645
270.35741991474833
262.7533063744344
268.0875690235645
267.0728181615189
259.28157314625895
264.9581424606057
257.422529692121
262.27840607785885
258.82206650078535
255.74598478966692
256.63813475167547
256.79819929130264
256.5641488593083
246.89851721939024
245.12572713662234
244.271833973809
248.17581149373308
242.41296490734638
245.41888274333033
243.73613978031307
239.83596436741885
238.60182618845252
235.67933250448118
232.63294621437257
235.20585478347684
238.00220175372255
232.88158814164353
230.49384792482064
225.9937130505735
224.06851650869473
225.96817971918045
220.55255111624828
225.65909036552063
218.9504803045176
219.28633829549017
216.0017710172759
219.3963448281324
214.17570611610452
210.85202539768036
210.65858962612683
210.78437573767948
201.72773995885657
208.60592308276802
203.56612077619965
203.85526578755997
204.08661094364848
200.6228039182493
200.33192043619792
195.5574309684338
190.23325224514517
193.3511072531685
192.19283396211117
182.83651508036556
187.77609441435976
182.00301906673684
179.20652554821913
174.8098257819263
181.25612128854368
171.22823415111168
176.8626549211767
175.28564700492188
168.5511804999827
171.60413011944615
166.1911372662094
158.35778163858657
158.2726246914967
157.70406653721807
153.0186478039512
153.443587179613
149.7688146248462
150.20074891127481
148.2492063825099
141.7154482959101
145.4620941355985
136.62398115749994
138.09067022950688
139.9146328023268
136.18499608868223
130.98431881308966
127.54395739024119
132.7766187578744
126.79354390420286
122.67508166668485
119.48574790834031
117.91094465777319
116.49601054579757
118.6732907318406
107.57187377243083
110.52049723524956
106.48500987493446
106.54138092922912
104.81188697842744
98.06298504761865
100.17517344415076
93.43923507181786
90.64752975267031
91.25340074230363
90.54695403968552
82.24089759499394
87.13198777791945
84.99024966926982
82.91268101288284
79.4744042882423
70.62782743818171
70.16300545689205
68.39673565115908
65.1562359095175
64.85393853521748
64.58241418329482
54.18631352053882
52.98045426605343
56.46636326953045
53.918325479086775
51.79211570642814
41.4193475169663
